Rig dump taken from Studio with the Roblox_Studio MCP server, from Workspace.Pistol_VM.
Geometry is the free Glock mesh set the project owner supplied; markers and joints were
assembled by script. Positions are relative to Main, which is the model's PrimaryPart.

Regenerate assets/viewmodels/pistol.model.json from this with:
    python3 scripts/build_viewmodel.py pistol

PART|name|sizeX|sizeY|sizeZ|meshId|textureId|colorR|colorG|colorB|material|transparency|relToMain
PART|Slide|0.242243|0.241390|1.414443|133749184392151|97602710177542|0.639216|0.635294|0.647059|Plastic|0.00|0.002235|0.549194|-0.408522|1.000000|0.000000|0.000000|0.000000|1.000000|0.000000|0.000000|0.000000|1.000000
PART|Magazine|0.201306|0.798540|0.396824|73650456068482|117170186415306|0.639216|0.635294|0.647059|Plastic|0.00|-0.008682|-0.094513|-0.006591|1.000000|0.000000|0.000000|0.000000|1.000000|0.000000|0.000000|0.000000|1.000000
PART|UnderbarrelMount|0.020071|0.020071|0.020071|||0.639216|0.635294|0.647059|Plastic|1.00|0.000000|0.013763|-0.638328|1.000000|0.000000|0.000000|0.000000|1.000000|0.000000|0.000000|0.000000|1.000000
PART|Grip|0.270292|0.736891|0.563959|81993308555977|107712295229915|0.639216|0.635294|0.647059|Plastic|0.00|-0.008606|-0.114166|-0.014038|1.000000|0.000000|0.000000|0.000000|1.000000|0.000000|0.000000|0.000000|1.000000
PART|Trigger|0.069499|0.215271|0.169780|130863249189150|108298424870998|0.639216|0.635294|0.647059|Plastic|0.00|-0.007660|0.216400|-0.477758|1.000000|0.000000|0.000000|0.000000|1.000000|0.000000|0.000000|0.000000|1.000000
PART|Frame|0.252744|0.432346|1.427066|98403167749030|139017157028813|0.639216|0.635294|0.647059|Plastic|0.00|0.000000|0.250000|-0.400000|1.000000|0.000000|0.000000|0.000000|1.000000|0.000000|0.000000|0.000000|1.000000
PART|SightMount|0.020071|0.020071|0.020071|||0.639216|0.635294|0.647059|Plastic|1.00|0.002235|0.677917|0.015811|1.000000|0.000000|0.000000|0.000000|1.000000|0.000000|0.000000|0.000000|1.000000
PART|Barrel|0.131664|0.212237|0.067440|74352701338938|80978457334626|0.639216|0.635294|0.647059|Plastic|0.00|-0.007675|0.541809|-1.105726|1.000000|0.000000|0.000000|0.000000|1.000000|0.000000|0.000000|0.000000|1.000000
PART|MuzzleMount|0.020071|0.020071|0.020071|||0.639216|0.635294|0.647059|Plastic|1.00|-0.007675|0.541809|-1.159517|1.000000|0.000000|0.000000|0.000000|1.000000|0.000000|0.000000|0.000000|1.000000
PART|RearSight|0.072025|0.052800|0.113258|107557905898433|100180289410953|0.639216|0.635294|0.647059|Plastic|0.00|-0.008217|0.684082|0.215619|1.000000|0.000000|0.000000|0.000000|1.000000|0.000000|0.000000|0.000000|1.000000
PART|Main|0.050000|0.050000|0.050000|||0.639216|0.635294|0.647059|Plastic|1.00|0.000000|0.000000|0.000000|1.000000|0.000000|0.000000|0.000000|1.000000|0.000000|0.000000|0.000000|1.000000
PART|AimPart|0.050000|0.050000|0.050000|||0.639216|0.635294|0.647059|Plastic|1.00|0.000000|0.709991|0.220000|1.000000|0.000000|0.000000|0.000000|1.000000|0.000000|0.000000|0.000000|1.000000
PART|CasingEject|0.050000|0.050000|0.050000|||0.639216|0.635294|0.647059|Plastic|1.00|0.089996|0.630005|-0.300000|1.000000|0.000000|0.000000|0.000000|1.000000|0.000000|0.000000|0.000000|1.000000
PART|Muzzle|0.050000|0.050000|0.050000|||0.639216|0.635294|0.647059|Plastic|1.00|0.000000|0.541992|-1.180000|1.000000|0.000000|0.000000|0.000000|1.000000|0.000000|0.000000|0.000000|1.000000
JOINT|class|name|part0|part1|C0
JOINT|Weld|RearSight|Slide|RearSight|-0.010452|0.134890|0.624141|1.000000|0.000000|0.000000|0.000000|1.000000|0.000000|0.000000|0.000000|1.000000
JOINT|Weld|SightMount|Slide|SightMount|0.000000|0.128724|0.424333|1.000000|0.000000|0.000000|0.000000|1.000000|0.000000|0.000000|0.000000|1.000000
JOINT|Weld|CasingEject|Slide|CasingEject|0.087761|0.080805|0.108522|1.000000|0.000000|0.000000|0.000000|1.000000|0.000000|0.000000|0.000000|1.000000
JOINT|Weld|AimPart|Frame|AimPart|0.000000|0.459991|0.620000|1.000000|0.000000|0.000000|0.000000|1.000000|0.000000|0.000000|0.000000|1.000000
JOINT|Weld|MuzzleMount|Barrel|MuzzleMount|0.000000|0.000000|-0.053791|1.000000|0.000000|0.000000|0.000000|1.000000|0.000000|0.000000|0.000000|1.000000
JOINT|Motor6D|Slide|Main|Slide|0.002235|0.549195|-0.408522|1.000000|0.000000|0.000000|0.000000|1.000000|0.000000|0.000000|0.000000|1.000000
JOINT|Motor6D|Magazine|Main|Magazine|-0.008682|-0.094526|-0.006591|1.000000|0.000000|0.000000|0.000000|1.000000|0.000000|0.000000|0.000000|1.000000
JOINT|Motor6D|Trigger|Main|Trigger|-0.007660|0.216386|-0.477758|1.000000|0.000000|0.000000|0.000000|1.000000|0.000000|0.000000|0.000000|1.000000
JOINT|Weld|Frame|Main|Frame|0.000000|0.250000|-0.400000|1.000000|0.000000|0.000000|0.000000|1.000000|0.000000|0.000000|0.000000|1.000000
JOINT|Weld|Grip|Main|Grip|-0.008606|-0.114180|-0.014038|1.000000|0.000000|0.000000|0.000000|1.000000|0.000000|0.000000|0.000000|1.000000
JOINT|Weld|Barrel|Main|Barrel|-0.007675|0.541815|-1.105726|1.000000|0.000000|0.000000|0.000000|1.000000|0.000000|0.000000|0.000000|1.000000
JOINT|Weld|UnderbarrelMount|Main|UnderbarrelMount|0.000000|0.013756|-0.638328|1.000000|0.000000|0.000000|0.000000|1.000000|0.000000|0.000000|0.000000|1.000000
JOINT|Weld|Muzzle|Main|Muzzle|0.000000|0.542000|-1.180000|1.000000|0.000000|0.000000|0.000000|1.000000|0.000000|0.000000|0.000000|1.000000
